-15.9783477832
-15.6433903633
-16.2033181119
-29.8626738631
-37.7241561375
-12.4020345703
-22.2218071491
-10.9505955339
-5.89742924073
-5.00290447953
-8.92971501273
-4.78502140642
-11.3569320079
-26.7926856358
-21.2298101993
-18.1105407538
-19.2284323262
-18.5316579373
-18.8804562754
-26.921877788
-25.7221674809
-17.934502799
-23.7467267384
-15.1408548158
-14.5911360106
-14.3072402721
-13.7714225255
-13.502952601
-17.2691819265
-16.2891729851
-17.2401551154
-16.3555235444
-17.971112003
-12.3842443283
-11.2877760888
-8.10306928225
-9.85102361867
-13.2826779951
-8.05225256004
-7.22190964081
-6.54979741111
-12.363220102
-19.1522325717
-21.0671527588
-20.0351715737
-13.9720001919
-24.243044777
-20.252121465
-3.45667130651
-7.44853412087
-7.11571837131
-7.63315187626
-7.73981628409
-7.49314471503
-7.42537575699
-7.62848887959
-7.51200881993
-7.45176747933
-7.27360219192
-7.37442761133
-7.27437492004
-6.99936547355
-7.1122209557
-7.6178759652
-7.67437867104
-7.83461192065
-7.88430250456
-7.59343231096
-7.38886501979
-7.27058312675
-7.27413287038
-7.09326242111
-7.10553400115
-6.99122123099
-6.87425303939
-6.52750211795
-6.83085031398
-7.21641380421
-7.754135603
-7.99736619829
-8.36089811667
-9.04578640708
-4.31540740643
-5.05224067679
-5.26676442432
-5.46924715548
-6.04387398554
-6.97153183958
-7.67289365819
-1.43275630516
-1.50973698725
-1.52888161185
-1.56077750076
-1.44712100808
-1.55572519671
-1.83207573086
-2.00287929582
-2.01803028592
-2.4932636332
-2.53537392042
-2.53474607905
-2.12480753651
-2.13768247058
-2.04789439146
-1.71163115553
-8.14039432724
-6.58577240187
-8.27418679469
-8.33064618354
-8.49203380478
-6.15293059564
-4.08347812223
-3.32160952215
-3.23163289174
-5.28529849339
-5.38856691573
-14.744761808
-5.36327399142
-3.16741666127
-3.12430633475
2.70844885276
2.70844835633
2.70845452717
2.70845039461
-7.29988178731
2.70849154429
-6.82149486995
-7.61775748434
-8.41363123362
-7.40148051388
-11.2324597779
-8.47937563803
-5.65344323892
-5.89992127971
-2.73667453896
2.70845400014
2.70846334177
2.70844884853
2.70850370756
2.70847082565
2.70847043918
2.70847059704
2.70845209304
2.70840063269
2.70811494692
2.70848131643
2.70837384441
2.70801189845
2.70821910848
2.70841537321
2.70819276195
2.70796091691
2.7076686214
2.70803427271
2.70842553108
2.70870163179
2.70850931373
2.70854034163
2.70847220237
2.70841933964
2.70847252674
2.70843714729
2.70844366951
2.70846904639
2.70845657489
2.70845592171
2.70848508853
2.70850293004
2.70851421077
2.70843084304
2.70846883784
2.70845497162
2.70845364792
2.70845731203
2.7084142888
2.70846226421
2.70846776383
2.70846402053
2.70843085089
2.70844964952
2.70847815843
2.70838072537
2.70846651212
2.70841004396
2.70847070868
2.70842298029
2.70842487669
2.70848607303
2.70846907737
2.70843772722
2.70847198614
2.70842504427
2.70846693605
2.70844633165
2.70841108237
2.70841634671
2.70843118895
2.70847619069
2.7084621497
2.70844617277
2.70843509295
2.70846203697
2.70840915476
2.7084507711
2.70846605551
2.70848541969
2.70850847743
2.70845455078
2.7084322808
2.70832475396
2.70840125083
2.70850496639
2.70846866702
2.708451515
2.70846711574
2.70847342839
2.70847261751
2.70847992827
2.70843620467
2.7084705459
2.70844946454
2.70845213707
2.70848133213
2.70849247783
2.70844368034
2.70845663131
2.70844622476
2.70848078957
2.70846942518
2.70844046067
2.7084092598
2.70846288603
2.70848760303
2.70847101945
2.70848435418
2.70845555029
2.70847603357
2.70846049121
2.70845169898
2.70841396453
2.70851882968
2.70848638906
2.70846726512
2.7084699076
2.70846488029
2.70846590282
2.70846635107
2.70836634072
2.70845614206
2.7084580716
2.70846939032
2.70850353835
2.70845539031
2.70845531331
2.70841657686
2.70846590402
2.70846941191
2.70847832099
2.70847033187
2.7084610164
2.70838625718
2.70849507669
2.70846737503
2.7084304688
2.70845656452
2.70843271244
2.70844370424
2.70846004815
2.70841106506
2.70845242889
2.70847487157
2.70844227441
2.70844635533
2.70843476595
2.70848957502
2.70843006996
2.70846268958
2.70848422808
2.70846560873
2.70851044281
2.70846803472
2.7084820666
2.70847909889
2.70847246314
2.70843973615
2.70845229036
2.70838828993
2.70845281737
2.70843315646
2.70847388343
2.70844806113
2.70839266568
2.70846616863
2.70847757181
2.7084366295
2.70844067989
-28.2287324685
-28.7611629397
-28.2528598656
-16.3700051962
-16.2294808884
-9.67819068702
-4.86227397033
-7.41888346137
-10.0686606858
-12.0012627468
-8.98042542078
-5.47833336003
-5.39803722131
-4.30723226595
-9.11930364269
-2.83151793473
-8.99656308087
-4.78436327581
-3.65815624772
-4.55161147209
-10.5496860155
-11.1823349709
-10.7745316024
-8.40225503442
-13.8514485353
-2.94046749833
-1.18742433211
-3.86757694344
-3.78903897262
-3.65913292482
-3.60391276862
-7.09473638204
-11.2314425765
-7.0623465807
-1.53664085564
-4.46442887892
-3.79626002245
-6.55953113644
-7.12187721625
-13.2213446593
-8.82042319098
-13.6202683826
-5.24063955285
-1.04141115907
-5.70250248014
-3.34348597827
-3.45716192485
-3.35769358736
-3.23672006634
-3.13369044745
-2.98473271939
-1.00059554484
0.0573832184021
-0.798661729573
-1.62546862398
-1.26660341261
-5.86848858391
-1.00700425762
-4.34591893889
-18.4696383838
-17.0888459034
-14.3549123489
-18.0250770587
-2.63716608659
-1.61058341225
-12.0534420766
-13.8664567886
-14.8921530436
-16.8164336951
-19.0752282826
-19.1832618448
-14.0344142204
-11.1134658637
-23.2227194461
-20.4066392942
-21.756399806
-32.136433
-34.1280213484
-21.376674539
-27.8334163803
-45.8356902928
-43.7642235029
-53.6066499633
-41.025818484
-25.4960924456
-47.2048104284
-40.7478647779
-30.8125855251
-39.0859304183
-39.1622294219
-24.6895054916
-31.1123042404
-5.18071993256
-7.67455062006
-8.16918700704
-8.95220953076
-1.90810107821
-2.62371577233
-7.76666704812
-4.64217036967
-5.99208590839
-8.49379959754
-7.10535898209
-6.75807935883
-5.617161711
-2.59393929028
-6.6746843569
-1.48869849772
-1.81899748014
-1.70469975028
-1.53710138856
-1.41320491143
-1.53269374345
-1.42199926588
-0.753222653482
-5.53792638941
-4.49445894064
-2.20336269621
-3.06418292105
-5.92032726884
-14.1861825534
-10.8923340641
-8.37116267637
-5.98262501083
-9.02569664407
-5.01786504752
-3.75599113531
-5.43503631698
-8.82263197753
-10.699914739
-13.8744377409
-9.83838889796
-10.899340494
-0.014431548498
-2.31834714887
-1.79216985409
0.541189319667
-13.6254840776
-10.1097182908
-6.97975461404
-3.83515601325
-8.19701886265
-12.0686939443
-6.37847662387
-6.76202520337
-6.84418409619
-2.99916834385
-3.3065641808
-5.00366593607
-3.52700250748
-7.79828229758
-14.3075345823
-3.87752820548
-9.45884227839
-7.01661317252
-7.75696268
-5.04604177473
-6.90315321077
-4.40584541837
-2.83478385499
-5.25603666
-4.43608222201
-2.03145970977
-4.51708080145
-5.64088470692
-4.05671303322
-4.31038435797
-4.23952393402
-3.72202242392
2.56277951345
2.52153431453
2.53835004769
2.6088631178
2.62310366219
2.60712049855
2.57171361428
2.50516700853
2.56465054085
2.54416705212
2.66413779863
2.69396375305
2.69665173108
2.69821659469
2.69479246452
2.69051028486
2.69530847314
2.70684381273
2.70741798932
2.70786614308
2.70757232968
2.70727945824
2.70847624207
2.70847709459
2.70842719791
2.70835012657
2.7084622576
2.70849022447
2.70841491673
2.70847496175
2.70845773196
2.70852748942
2.70843223158
2.70844820313
2.70848141596
2.70849005514
2.70846553726
2.70848624362
2.70845713801
2.70846017622
2.70843870245
2.70845562936
2.70845370052
2.70849888607
2.70847120662
2.7084192405
2.7083967453
2.70847424752
2.70846397134
2.70846325566
2.70846578315
2.70847598059
2.70841373452
2.70845422084
2.70847499269
2.70849075754
2.70846186643
2.70847187791
2.70844847415
2.70844114676
2.70847115382
2.70843086744
2.70839351193
2.70846786885
-2.97431041526
-18.7219998526
-4.2768303773
-6.64575731053
-8.58517896453
-7.92459951473
-4.94251254309
-1.68496395368
-9.09591664181
-5.85997237414
2.70843973325
2.70848380881
2.70845632732
2.70847319068
2.70845486045
2.70846739235
2.70845131183
2.7084295197
2.70845097773
2.70838148656
2.70823067285
2.70842396559
2.70844637726
2.7084198811
2.70845811162
2.70849285793
2.70848793354
2.70846158349
2.708505854
2.70847975511
2.70743797342
2.70846862597
2.70848959624
2.70846024182
2.70845283813
2.70843277755
2.70838166472
2.70826742979
2.70849591929
2.70464443239
-2.61724182191
-3.70368021756
2.62357414466
2.70751637132
2.70847551633
2.70845053129
2.70839782311
2.70845271008
2.70845721803
2.7084134215
2.70846843887
2.70843741499
2.70847682307
2.70849000462
2.70845359091
2.70847146214
2.70845494812
2.70847121535
2.70846477172
2.70845650048
2.70848280062
2.70845082131
2.70847254647
2.70849930003
2.70845097481
2.70845482336
2.70846755525
2.70845824155
2.70843904492
2.70847666837
2.70843168947
2.7084617206
2.70847391063
2.70846716489
2.70847900071
2.70844604901
2.70846453371
2.70846905277
2.70836544749
2.70843109086
2.70847084579
2.7084507525
2.70847088363
2.70846929782
2.70845116299
2.70838478525
2.70845271096
2.70846351343
2.70841545317
2.70848391804
2.70846816844
2.70845854343
2.70841398055
2.70846768943
2.70847429283
2.70845587674
2.7083815125
2.70846621109
2.70847857708
2.70847027731
2.70844780471
2.70843900719
2.70842776696
2.70848090759
2.70847610671
2.7084748223
2.7084168384
2.70845472751
2.70846999278
2.70847797461
2.70838861776
2.70846456004
2.70845743917
2.70846426241
2.70846671522
2.70848911637
2.70443722066
2.70846634624
2.70847013876
2.70849303632
2.70849000337
2.70841742475
2.70842978435
2.70847499696
2.70845892797
2.7084497877
2.70846718309
2.70841305596
2.7084649445
2.70847936146
2.70844577925
2.70848394456
2.70843264032
2.70847730251
2.70845108651
2.70846365777
2.70845682382
2.70845453209
2.70847827466
2.70847934377
2.70846700453
2.70847141881
2.7084385027
2.70848379141
2.70846901569
2.70842927897
2.70846490737
2.70848961304
2.70847197657
2.70844854697
2.70847309082
2.70846883888
2.7084676008
2.70846943062
2.70846881094
2.70843172684
2.70844477236
2.70843315225
2.70846059699
2.70846033619
2.70846427091
2.70848137934
2.70843500307
2.70840834499
2.70847157404
2.70843450258
2.70844845953
2.708428131
2.70846286274
2.7084634942
2.70846996818
2.7084235591
2.70840857486
2.70844754061
2.70845758725
2.70847179728
2.70846007118
2.70843383944
2.70840013262
2.70847904406
2.70847274091
2.70844972382
2.70848913517
2.70848134129
2.70847309949
2.70841704348
2.70846029391
2.70847940363
2.70846635369
2.70842283588
2.70847548434
2.70847603596
2.70846142549
2.70846463022
2.70842749434
2.70845297426
2.70845531591
2.70840899823
2.70848127356
2.70843732422
2.70842940412
2.70847591366
2.70848339701
2.70840298133
2.70848848021
2.70848024179
2.70846453743
2.70847472892
2.70846912168
2.70847771542
2.70841688611
2.7084562578
2.70841304927
2.70826847198
2.70847479181
2.70845952104
2.70846570328
2.70844001097
2.70850056982
2.70845720908
2.70842260859
2.70846202704
2.70846628662
2.70844696489
-37.4774363884
-35.6657312199
-60.0532118223
-33.9559329388
-32.0483269998
-26.1963797448
-28.2166302457
-14.5710071487
-12.2397066113
-20.6434411762
-10.064082527
-3.13541680012
-8.53360265066
-0.825799068216
-2.23927961508
-3.15273275536
-3.31891409592
-3.35816852414
-3.34437772605
-3.32656735373
-3.30954989637
-3.2969533439
-3.29718717419
-3.28248217198
-3.25155358737
-3.13727251638
-2.81264024604
-2.06720182822
-5.96294583687
-3.72357888515
-7.76182612222
-7.85408269028
-7.46770007717
-8.38286349696
-11.6525671905
-15.3096477151
-17.1089012877
-10.9972922329
-7.73769798101
-17.8637746352
-6.43246690541
-0.522461554994
-18.7301270095
-18.5590337846
-20.4786951016
-22.1221187111
-21.7716284272
-20.5527094009
-21.4822726748
-18.4278862145
-22.4178452393
-11.7635150783
-7.75380001581
-17.0972828127
-8.57023343762
-2.21897388909
-4.03374959378
-5.35830894045
-6.17851954037
-6.73718787661
-8.29419455575
-0.142669669925
-3.63748558979
-3.60491809225
-3.42735823462
-3.34539653733
-3.27198553539
2.71356296876
2.7070081121
2.70775831233
2.70928721506
2.71198406152
2.72749943685
2.70852426472
-3.13497496783
-3.27857184352
-2.98652131622
-3.26057570495
-1.85638651504
-1.88895683239
-2.68604721675
-2.30612085997
-7.15625796846
-5.53250707547
-10.1202098083
-0.465496015109
-1.42432016676
-2.99294068252
-2.65733522728
-3.28282689258
-3.28994303177
2.71129522414
2.71137656986
2.71108664674
2.70880050902
-3.25346081193
-3.28370538044
-3.30350537132
-3.19032070988
2.70843841842
2.71184235106
2.71593425093
2.71767633171
2.70854805247
2.70848565361
-3.29422278755
-3.29620744561
-2.34393790583
2.70843144668
-3.28621544979
2.71381265818
2.71038442962
2.70847297016
2.70844645361
-3.30065795754
-3.57040299171
-3.89106443533
-3.76948583492
2.70848440954
-3.78618702787
2.70812306168
-8.06015384012
2.70826249728
2.69753103786
2.70861593832
-5.56929280956
-2.8937592535
-5.63437552376
2.60417677866
-7.21452133995
2.64486924915
-5.80217690703
-5.78049885396
-8.66292792099
-9.34612838007
-104.468631246
2.21833240075
-7.08504063268
-9.16682962912
-1.94779905503
-6.82517013797
-13.3922820183
-8.71065360173
-5.00482283318
-16.8163435144
-2.08485082276
-6.41247729913
-9.35467324217
-8.80874654996
-12.1434736376
-15.3933855649
-8.48302198349
-8.43676096986
-15.4976775548
-8.37092411567
-2.05996888818
-0.9211690892
-8.76787197158
-1.88794446928
-5.19751415797
-2.15611794706
-1.46250417544
2.70123875874
2.70841362683
2.70847069254
-3.29811368251
2.70847280638
-6.4707209819
-2.75757124687
-3.14596498949
-2.72677108278
-2.85502742932
2.70848177058
2.70846245667
2.70846989075
2.70844425509
2.7084817157
-3.30178255107
-3.25770771213
2.70845697888
-1.89038595853
-9.10898879115
1.29714049603
-595.269744711
-68.2215200125
-2172.95721463
2.70846621391
2.70923780491
2.70850941398
-3.25504685781
2.70842953415
-3.30908416402
2.70845618376
2.70846353741
2.70847113969
2.70847347588
2.7084171649
2.70835971047
2.70845007378
2.71158029537
-3.30292340722
-3.27986522726
-7.49866028577
-7.8429874672
-9.03879579419
-13.5954484641
-23.7643101584
-17.1194269269
-16.4374383307
-6.62445835617
-15.3273745963
-7.81291022788
-8.01556096948
-7.8592425111
-9.99299105553
-21.2484594232
-23.5513207372
-22.9155779211
-22.8144383489
-22.9038662251
-22.8238995775
-22.9353651029
-23.026892466
-23.1150028671
-22.5506494702
-22.563839188
-22.8811256263
-23.3829464903
-24.1245571952
-22.4402811616
-7.53102239676
-9.9219412348
-7.77003632327
-15.9098589294
-9.03731684857
-10.9811450623
-22.0810713266
-16.9788352315
-3.66294434735
-8.63337653385
-7.87736888164
-23.4316061624
-1.06938367243
2.70840146663
-10.8371588709
-18.023215157
-7.22427609518
-12.416575927
-8.38172835688
-3.24320265407
-3.31363712566
-3.31481802228
-3.32821558334
2.70846053036
2.70851709332
2.71184349923
2.70901240123
-3.18908187933
2.70834253307
-2.96502978135
2.70854074596
2.70846916625
-3.19110115157
2.70845419807
2.70854713547
2.7085544349
-3.26999650854
2.70846806162
-3.25070693589
2.70843958438
2.70845584422
2.70885098612
-3.29399831074
2.7084201228
2.70846597224
2.70860756794
2.70845770237
2.70846289217
2.7090230089
2.70849145248
-2.96699830599
-2.2810599912
-3.197632107
-6.97395266412
-3.33493068261
-24.2496223202
-16.7098465539
-22.2168678792
-22.7017187531
-21.9416787878
-25.0100775355
-22.4926769874
-25.71179124
-15.2725298819
-28.6360740368
-33.6728381109
-11.6100299606
-2905.28813817
-787.531187634
-2910.29229535
-2175.29176995
-2489.90486607
-2261.10486192
-3024.45160423
-46.842794213
-9.12787845026
-53.6680447223
-32.555841751
-8.7459410331
-8.67436481948
-2.12290958596
-8.45833087615
-8.12103807466
-13.3084967433
-6.20015906398
-8.78964078535
-7.64741749756
-8.18521697736
-8.76251803742
-9.15674811146
-8.54286801837
-8.64015468174
-8.85847917573
-8.42296467147
-8.7288420859
-9.03396724371
-8.3621407996
-9.98189546989
-8.81028931054
-8.49555179988
-9.08989300539
-8.83682738098
-8.31187858484
-9.95539655219
-10.9728127795
-9.07037427392
-11.9819826685
-17.5840679138
-8.8296146941
-23.5748896268
-45.3891852367
-8.7648061645
-10.6639848953
-61.4340869101
-16.9979366012
-5.19998499854
2.29189989559
-2159.16917314
-2167.17999741
-1602.57941906
-4.11168397613
-2245.37817568
-2473.88303041
-2320.19952627
-2193.82901972
-2225.67095944
-2540.15603037
-2582.42752256
-2074.94447272
-8.35938269234
-5.03425294349
-8.44528434907
-4.09045947253
-8.10843139173
-87.0036532246
-23.3811418407
-2199.3433334
-2170.61421992
-2199.44124436
-2308.12514055
-1786.42506904
-79.1025190858
-74.0092502727
-78.4284733573
-80.024967284
-75.7683820683
-86.1375122199
-72.481401632
-25.9539024108
-2188.5916798
-2797.36822343
-2431.01499343
-2480.77207272
-337.68940919
-2167.32604639
-2597.31439943
-2746.00488722
-2254.8354805
-2334.57774876
-2247.16786584
-2355.09596516
-2188.81032539
-2810.73814209
-2593.37883002
-2269.36573842
-2494.14509967
-2477.48194034
-2174.87650578
-2643.38004027
-2311.31441668
-2204.29526306
-2377.15366952
-2783.23546726
-2322.33282531
-2243.77835415
-2519.72145254
-2676.14433924
-2235.97163226
-12.4427785457
-21.2072186853
-29.9463836528
-24.4872694414
-18.3183958715
-21.6866544824
-19.5250824869
-24.822105859
-20.7964242249
-18.8406521612
-18.2836670625
-23.4796875929
-30.9301162511
-20.9162038274
-25.726073674
-22.4721655522
-30.7369338681
-22.9488392574
-8.12480271546
-2579.71564619
-2505.90092893
-2180.69886955
-2528.68182462
-2153.53645381
-2251.70179412
-2288.59674617
-2427.6070836
-2306.47158659
-2319.9176906
-2656.59073705
-2555.54946488
-2529.15110446
-2206.4104185
-2718.66866421
-2387.60593204
-2434.9721995
-2452.03703321
-2661.60922517
-24
-24
-24
-13
-13
-10
-13
-10
-10
-12
-12
-10
-10
-10
-10
-10
-13
-13
-10
-8
-10
-13
-13
-13
-13
-10
-10
-13
-11
-11
-8
-11
-13
-14
-9
-8
-11
-13
-15
-16
-17
-17
-19
-3
-11
-6
-5
-8
-10
-24
-196
-91
-145
-10
-10
-10
-10
-10
-3
-39
-35
-42
-182
-156
-190
-190
-190
-190
-190
-190
-13
-13
-10
-13
-14
-18
-13
-10
-18
-13
-15
-14
-13
-13
-10
-12
-13
-13
-11
-9
-12
-17
-11
-12
-12
-12
-14
-14
-14
-14
-14
-13
-13
-13
-17
-16
-16
-14
-14
-16
-14
-10
-10
-15
-15
-15
-16
-12
-15
-12
-11
-13
-14
-14
-15
-14
-15
-12
-13
-15
-17
-17
-15
-17
-17
-18
-10
-9
-14
-31
-15
-31
-30
-23
-21
-23
-28
-24
-14
-8
-8
-11
-8
-10
-14
-5
-3
-5
-6
-18
-13
-18
-18
-12
-15
-7
-3
-3
-18
-21
-3
-21
-7
-10
-10
-10
-7
-17
-7
-11
-11
-16
-11
-19
-10
-19
-18
-8
-12
-18
-18
-7
-18
-15
-3
-15
-18
-15
-7
-7
-18
-18
-7
-15
-3
-11
-19
-6
-6
-18
-15
-18
-18
-18
-17
-17
-15
-18
-18
-18
-4
-3
-11
-18
-18
-18
-18
-18
-18
-18
-13
-16
-18
-18
-18
-31
-53
-61
-54
-49
-48
-61
-52
-58
-40
-31
-53
-40
-43
-47
-44
-46
-49
-44
-49
-47
-41
-55
-49
-44
-49
-37
-31
-45
-38
-41
-44
-50
-56
-56
-48
-56
-53
-53
-54
-57
-21
-30
-29
-20
-22
-23
-22
-22
-13
-11
-11
-1
-1
-1
1
-2
-1
-4
0
-3
-3
-3
-4
-3
-3
-17
-11
-20
-23
-25
-23
-19
-14
-14
-12
-13
-11
-11
-14
-14
-12
-9
-13
-4
-3
-10
-17
-13
-19
-20
-17
-10
-16
-16
-8
1
-8
-20
-31
-22
-28
-13
-15
-16
-20
-22
-15
-15
-28
-33
-69
-25
-31
-20
-31
-17
-9
-12
-8
-10
-8
-13
-10
-7
-9
-10
-11
-10
-9
-10
-13
-14
-12
-11
-10
-18
-14
-14
-15
-10
-10
-10
-7
-10
-10
-10
-10
-9
-10
-10
-7
-10
-7
-10
-10
-10
-10
-14
-10
-10
-21
-14
-6
-18
-6
-6
-15
-21
-21
-15
-7
-25
-12
-25
-22
-16
-27
-23
-19
-12
-29
-34
-65
-200
-200
-5
-5
-5
-17
-16
-24
-9
-18
-35
-23
-29
-30
-24
-35
-19
-19
-11
-30
-25
-17
-22
-43
-23
-39
-54
-22
-49
-17
-17
-17
-23
-15
-7
-7
-7
-7
-7
-13
-10
-13
-21
-28
-38
-18
-45
-18
-15
-9
-14
-12
-11
-13
-8
-22
-12
-22
-17
-126
-14
-20
-17
-18
-11
-13
-13
-13
-11
-11
-8
-8
-11
-13
-8
-13
-11
-13
-13
-11
-13
-8
-6
9
-10
-9
-14
-22
-10
-10
-10
-10
-10
-10
-10
-10
-10
-9
-10
-11
-10
-6
-8
-10
-9
-10
-10
-10
-10
-14
-10
-9
-9
-13
-10
-10
-10
-9
-8
-10
-10
-9
-16
-21
-9
-10
-26
-9
-10
-14
-21
-19
-19
-19
-17
-19
-16
-33
-18
-20
-25
-17
-23
-33
-37
-142
-108
-151
-31
-17
16
-31
-31
-17
-17
-17
-15
-40
-17
-24
-23
-32
-13
-14
-17
-15
-11
-13
-9
-9
-9
-9
-9
-12
-6
-10
-10
-10
-10
-10
-10
-10
-10
-10
-23
-7
-24
-42
-20
-17
-10
-10
-33
-19
-32
-27
35
-124
-6
-1
-8
-10
-10
-10
-10
-10
-10
-10
-7
-10
-10
-10
-10
-10
-10
-10
-10
-14
-6
-6
-12
-5
-10
-8
-12
-7
-10
-7
-4
-7
-4
-4
-4
-4
-4
-4
-7
-7
-7
-10
-8
-11
-8
-11
-15
-14
-13
-14
-6
-10
-13
-7
-12
-14
-12
-21
-13
-8
-15
-13
-7
-10
-11
-11
-9
-12
-12
-15
-10
-15
-9
-9
-8
-10
-10
-10
-8
-11
-11
-8
-12
-11
-10
-11
-13
-8
-11
-10
-7
-7
-7
-10
-10
-10
-8
-10
-13
-9
-11
-11
-18
-12
-13
-18
-11
-13
-7
-11
-8
-14
-4
-4
-7
-7
-11
-7
-11
-10
-11
-7
-10
-7
-8
-13
-13
-13
-13
-8
-7
-7
-10
-10
-10
-10
-7
-7
-7
-4
-7
-7
-7
-10
-7
-7
-7
-7
-13
-13
-7
-9
-14
-13
-11
-13
-11
-11
-13
-7
-7
-7
-7
-10
-10
-10
-7
-10
-13
-11
-10
-8
-10
-10
-13
-10
-7
-7
-14
-15
-11
-9
-16
-8
-10
-11
-7
-7
-7
-12
-14
-12
-7
-10
-10
-11
-7
-7
-10
-10
-7
-14
-10
-15
-10
-7
-13
-13
-11
-13
-8
-7
-13
-10
-13
-13
-13
-8
-10
-7
-12
-12
-10
-7
-10
-7
-10
-10
-10
-7
-7
-10
-8
-7
-7
-10
-7
-13
-13
-10
-10
-7
-11
-33
-95
-65
-6
27
-19
5
30
-22
-9
4
-188
-80
-200
-4
-16
-7
-8
-13
-4
-7
-5
-11
-4
-11
-8
-4
-4
-9
-4
-7
-11
-8
-10
-10
-10
-11
-17
-10
-14
-34
-180
-180
-182
-8
-61.0002075768
-61.0002076118
-61.0002075298
-73.0002073027
-70.0001339913
-73.0011016331
-79.0013944662
-82.0014825444
-82.0015410634
-85.0015837589
-85.0015976713
-85.0016021468
-85.0016019929
-85.0016028053
-85.0016030837
-85.0016023895
-82.0013862617
-250.000872924
-91.0013742473
-85.001528091
-76.0009005417
-250.000872941
-250.000872536
-250.000872619
-250.000872046
-250.000872324
-250.000872786
-250.000872463
-151.000871968
-85.0016033829
-85.001602252
-85.0016040208
-82.0016032384
-109.002312826
-250.00233191
-250.002329524
-85.001603001
-85.0016028148
-76.0015911482
-250.000873178
-250.000872446
-250.000871847
-250.000873071
-250.000872351
-250.000872957
-70.0008172625
-73.0008134072
-76.0003461199
-67.0004775388
-79.0008619427
-73.000460156
-76.0001751618
-250.000870696
-70.0005885955
-3999.0001178
-3999.00011808
-3999.00011823
-3999.00018371
-4599.00025839
-3849.00013268
-3999.00011516
-3849.00014192
-3849.00014144
-3549.00011769
-3849.00009756
-3999.00011994
-3699.00033682
-3999.00033878
-3699.00032844
-3699.00057337
-3549.0005881
-3549.00058851
-3849.00010323
-3849.00013564
-3849.00014072
-3849.00014206
-3849.00014199
-3849.00014158
-3849.00014215
-3849.00012984
-3699.00058559
-3849.00014541
-3099.00083548
-4449.00087269
-5349.00085951
-7299.00087163
-6099.00087183
-5799.00087276
-4299.00160299
-4149.00159728
-4599.00160084
-3849.00149258
-4599.00209449
-3549.00211127
-4899.00156302
-3249.00040033
-3849.00024503
-4299.00014368
-3549.00014239
-3849.00014306
58.8307510664
59.2168273681
59.1130347693
68.5036689317
78.1799257713
75.0435835308
65.7585514057
101.541428795
310.213105268
54.2356922381
78.7601585901
108.213673793
79.3328310181
130.729778884
271.443410516
666.674206534
343.307960833
98.2268168002
87.5256674527
457.106183638
546.022505848
72.6156629399
72.3216214577
195.919113002
190.677658265
676.262793884
660.810102396
659.266424963
658.950501058
664.891501253
663.173212161
675.203954251
666.997008223
234.948805044
704.639100459
673.280550674
662.620964878
671.103955468
632.52872647
656.048997867
670.340260822
663.094044873
660.47671941
79.8894799289
79.8185620089
80.0314694494
80.0307333976
79.855590284
79.8548958186
79.694796253
86.0311248535
416.241628401
422.182973789
419.790574694
426.503804299
420.010878759
427.07704332
424.583553243
428.867909593
417.540866928
402.450482652
409.94653075
134.456624358
79.2808719339
659.831488434
653.845281975
666.258367948
679.201847768
679.136945481
666.62275079
651.927107913
678.947224554
655.28351325
664.821229729
661.488992562
657.52197754
657.055341359
660.210209681
661.013714984
659.268975865
669.518850971
663.373893393
657.613016593
662.775523176
655.813329889
668.293999158
662.361181959
656.231227003
673.343649079
656.063978756
659.78830935
663.748293688
659.160567468
657.581733156
661.69542778
660.602405218
670.161321924
661.916774998
655.416786568
663.726558159
656.353550673
681.963404404
668.342610974
660.195086917
660.617165312
664.434460771
661.002797798
665.962192022
668.30888815
673.510836805
670.275812447
670.367359964
660.643624742
670.361460844
668.135302382
659.361926973
668.788530692
663.89854875
660.811371945
667.383460635
665.404362238
658.260002791
655.323643702
666.554470307
661.841934794
678.881037274
667.338562977
662.671788626
677.761759085
661.879795899
655.037229216
661.529942568
654.574619016
654.993533714
680.182499852
668.937130503
671.39523615
671.098666449
558.067636009
651.915714535
662.169316022
667.983674809
666.06759825
691.492909688
663.50394967
671.922968118
671.541794047
668.832238708
667.906366994
659.130898281
669.16509936
682.287752691
658.405225891
657.304222582
660.299482258
687.381444512
662.44680909
664.209819384
266.677288585
64.7589858236
70.6850481697
68.0924110723
659.637942916
670.219902044
673.255838283
663.991405051
658.576919164
678.193964607
655.784528716
666.125676491
656.029275189
692.955428467
676.350528627
684.116883016
240.452958277
72.3520961033
72.2935908259
72.6141917379
99.538888296
661.064326941
664.554109197
659.265565961
666.388454222
673.826390895
660.348238508
655.874397202
663.014331967
658.708750103
661.934573879
657.934462217
669.530714406
660.610565998
613.661197566
659.253046256
658.293000471
678.168002656
651.303786364
79.8945504128
79.8111684522
80.1969211739
80.1292771091
80.1189593781
79.8978330788
79.8073534939
79.8276306237
79.7735260903
79.3650483312
79.8062418441
79.7412748829
79.7768712184
79.5682677936
79.8840216135
79.8696733714
79.8345961815
79.9171747183
79.9542420906
79.7634451532
79.6581574125
79.7167208304
79.5042618288
79.7597182216
80.0678787441
79.74543347
658.992346128
687.68036876
673.026283877
671.179803112
659.492355918
658.431904206
662.948080988
662.283762359
656.317208137
657.942974481
670.36427522
657.876395893
673.716802375
658.650219816
622.311677128
665.138579244
673.656672358
659.810447533
663.3095266
629.781665703
676.212543635
687.534665646
664.66886441
665.127634009
671.52420614
662.437037635
657.547013584
670.240653626
674.348725179
674.686986227
656.770263345
670.72731257
539.65823695
65.2495958071
533.867526496
326.056477343
530.491805457
513.83858811
79.7652055608
79.887926999
79.9554956404
80.0017666085
79.734599284
79.7772326965
79.8728525836
79.6802552594
19.5157167634
20.7425668431
30.8609244808
-32.6533410264
-12.7630868729
-13.0005588326
-18.7139242379
-32.5489796372
-23.5291748464
-34.9482106528
-27.1813328947
-25.8783805111
-13.0729545414
-14.1787307911
-17.976996551
-29.6428141185
-33.1248867997
-35.1164761026
-34.2364221779
-27.9856982063
-40.5560091945
-38.3449406628
-38.3769932386
-38.515471307
-38.0438414914
-38.4109840138
-38.6115999633
-38.7234187611
-38.1618356338
-39.583979622
2.74525510549
21.392119702
-32.9697283878
-31.0627436827
-36.2264453154
-12.2742119529
-26.9182209365
-20.0705684886
-32.997920402
-35.4433417604
-36.5131542931
-29.1546993157
-38.0430397311
-39.1563579682
-38.8321295752
-39.5041589578
-38.5807465489
-36.5862975344
-39.2865855122
-17.166585739
-25.8123031753
-34.391964296
-37.6140303678
-38.5215258987
-36.7245658618
-18.8670939439
-38.3707453707
-38.6773663192
-38.6879354516
-40.2487676493
-40.0444480443
-40.0374280408
-41.2451989635
-40.6151890869
-39.351452675
-38.8767972015
-39.6160399782
-40.397965788
-39.8966582139
-39.8627448474
-39.7970093039
-36.3949282398
-39.6047624486
-37.7308777381
-39.5273829863
-37.451217754
-38.0739693488
-39.7454493864
-40.2109087771
-25.4735110131
-32.1119089213
-28.4993592293
-26.7840560342
-28.6237897158
-24.6956229352
-36.4822944607
-15.9317627655
-32.1207814133
-27.8589653358
-1.37466071354
-15.9528207364
-4.03943094693
170.8581269
170.857271229
164.041027361
170.898962634
564.201174303
136.743557844
129.901834036
143.483237652
143.484056796
143.436876412
136.693468993
191.313784987
184.443415457
184.358993545
198.081475766
198.089807636
198.10845314
177.665811705
569.76180218
570.455107235
570.416110811
570.01500851
570.323438957
568.370449784
570.104852767
570.416314189
570.465369422
569.962851785
569.738163747
570.000457243
569.574423471
313.286373809
245.402641442
563.914845674
561.971121037
564.244932693
563.742633649
560.570583665
561.233880988
563.535069475
564.100567237
563.62567136
562.310399718
564.097004507
563.925253079
563.721914113
564.407573132
80.5576062181
80.678583841
80.9262396536
87.978696248
108.550153795
119.468589557
120.863929924
118.034992089
110.771378283
111.128092399
104.131034267
104.466381053
94.5770032667
96.8508400752
105.43240126
105.609817053
113.119649782
92.701082922
93.8162800051
81.6518134938
92.3604167807
108.048950179
82.4341744548
110.023922905
74.8673924079
70.6767352248
102.530088309
100.129106583
69.1926354344
111.427974405
97.2189844653
93.0432004754
101.182195831
108.162945263
98.4835571673
90.5028983869
113.101043346
97.7581474555
100.698158457
136.350299805
85.2731541917
84.9942019839
107.316697004
99.373741992
95.7073841208
88.4417704258
87.6009134404
100.620080183
97.0067579137
79.4264153466
86.7086929601
-174.491213136
-238.106847949
-175.268553324
-239.735184279
-212.104296003
-192.44819436
-200.654717964
-207.107739924
-193.574337739
-164.805593184
115.739135248
119.664271387
88.1190672935
96.0942913869
95.6452995326
114.444571468
97.9160833704
114.726671876
111.617649414
107.398399742
120.559307545
84.0268915817
91.6334878428
94.1089274386
78.7769438037
87.2896808583
95.9622731519
100.00746141
93.7915110151
117.296849076
107.287973408
106.210759559
118.226226949
118.674359364
119.814827887
119.470559293
119.387436948
119.756636773
119.741388001
119.612358266
120.590448724
121.121439031
124.895147666
111.795942208
108.028761079
106.367783788
108.030867043
106.360945849
107.797540882
106.367447773
107.977682558
106.364602905
106.363312185
106.359562997
106.358856756
107.979166185
107.953892566
107.969785
107.957555513
108.065175146
108.073825928
108.081044571
108.050492675
106.368223213
108.06371266
106.368258371
106.368653621
106.368568687
108.002855206
108.095856267
108.059767095
106.364728136
108.041252488
107.930456801
106.359867554
108.110729761
106.368653822
108.114914281
108.158470655
108.057015707
108.031014945
108.039594801
108.02785804
106.36935949
106.368466842
106.369427794
108.030472684
113.630380886
108.048254841
108.163359686
108.032813286
115.325036697
106.368228272
109.80780366
111.342117957
106.351936526
120.117348522
116.854701691
108.221240012
106.369408775
108.025496395
114.987532216
106.367190157
120.188438697
110.97113049
106.369643791
108.045024985
108.636444133
118.616633159
114.540033888
108.763248845
106.357742481
118.310542958
106.369732324
120.930687037
119.140590176
110.454015808
111.421043942
108.029763109
108.35170211
108.321896855
106.368903832
108.265390407
108.043586936
123.274350929
118.589010942
111.377962907
120.916635132
119.384591807
119.570795236
119.667806065
119.496993625
110.40398767
108.040383295
106.369700321
116.029684922
119.391945371
108.039304369
119.082246062
119.046513697
107.906498944
108.044380169
113.677312007
115.421701111
118.663232376
117.796046855
119.005645498
113.244261645
118.277410294
118.377126347
121.048528779
123.070310933
110.380540622
112.696147683
121.716542987
105.275749702
111.381215133
112.150072049
107.774758646
106.320566881
107.792751894
112.077427101
112.136119599
111.785602938
106.34844334
106.369657114
106.3696708
106.369642456
106.369672034
106.369671148
106.36967827
106.367640629
108.039458322
106.369674941
106.370048056
106.369736426
106.36967498
106.369650871
106.369910364
106.369839076
106.369420944
106.369679269
106.369665288
106.369067718
106.369637179
106.369693356
106.369698031
106.369677106
108.040881751
106.36969525
108.018604949
108.042097
106.369702452
106.369623479
108.049169895
106.369697006
106.369680704
106.36966794
106.369681951
106.369672219
108.039805724
106.369689469
106.369672824
106.369676904
106.369720202
106.369671538
106.369672395
106.36968621
106.369708026
106.36969263
106.369748436
108.044470468
106.369693062
106.369693608
106.369651203
106.369672679
106.369699737
106.369678962
106.369682086
106.369655453
108.036105457
106.36967493
106.369676103
106.369683123
106.369677769
108.041828238
106.369675926
106.369189614
106.369679139
106.369675469
106.369554154
106.369671873
106.369800528
106.369639909
106.36216154
106.369362034
106.369883049
106.369669344
106.369646463
106.369825213
106.369587675
106.369537345
106.369668588
106.369658746
106.369681802
106.369937269
108.037591594
108.050290374
106.369671556
106.369980834
106.369682456
106.36969617
106.36995325
106.368670995
106.369618647
106.369656166
108.034359108
108.040807508
106.369683812
106.369680011
106.369666041
106.369677504
106.369680863
106.369677542
106.369667705
106.369500962
106.369682227
106.369676846
106.369665802
106.369673512
106.369675652
106.369668723
106.369461834
106.369673246
106.369664982
106.369684358
106.367910714
106.369683368
106.36832089
106.36967638
106.369679125
106.369676513
106.369908245
106.369659982
106.369665818
106.36968175
106.369680501
106.369002229
106.369644971
106.369682763
106.369680514
106.36967455
106.369677649
106.369468851
106.369688556
106.3696605
106.369673077
106.3696676
106.369670292
106.369673689
106.369530642
106.369678744
106.369678407
106.369679717
106.369610478
106.369685376
106.369664271
106.369683104
106.369628685
106.369681789
106.36965219
106.369521167
106.36966245
106.369693429
106.369671779
106.364486468
106.369662596
106.369659886
106.369664411
106.369681051
106.36965655
106.369678438
106.369661389
106.369686302
106.369680702
106.369601678
108.041472164
106.369676924
106.366507477
106.36968707
106.369673813
106.369656446
106.369668502
106.369592768
106.369660237
106.369678225
106.369676533
106.369665864
106.36968056
106.369670194
106.369678278
106.357057295
106.36967888
108.205325098
106.369689454
108.06244793
106.369687265
106.369587929
106.369584806
106.369675375
108.051148877
106.369694102
106.369672588
106.369685541
106.369675703
106.369676564
106.36964789
106.369680756
106.369672922
106.369679174
106.369682043
106.369679068
106.36968418
106.369677779
106.369656939
106.369681574
106.369549202
106.369677923
106.369660884
106.369668919
106.369679121
106.369675097
106.369675791
106.369678325
106.369679652
106.369688196
106.369675263
106.36965518
106.369683401
106.369680238
106.369679603
106.36967972
106.369679641
106.369675151
106.369686076
106.369678156
106.369680124
106.369666444
106.369667491
106.369674985
106.369683805
106.369678852
106.369671847
106.369678736
106.369678536
106.369679317
106.369685201
106.369648037
110.10485608
118.163750105
119.959079441
114.064403054
120.915841938
122.249612883
114.007122942
117.468236434
118.478245447
118.908569535
113.974838629
114.078636356
120.109241593
112.11431495
121.543857499
120.717713807
119.921937117
117.704654371
114.017154952
114.33708219
117.250461924
113.265653375
122.051575142
120.03777507
119.95285138
115.982774657
112.938281267
113.960002287
116.190961734
121.727104561
119.904900296
114.011726243
118.155333765
119.920578846
116.585827214
116.189301017
114.121645264
113.927428653
115.219765933
107.906328704
111.786662892
121.178357774
114.052507896
118.331142636
114.08528168
117.919347188
117.187760125
119.968587328
113.954847722
119.878506236
114.036892002
119.037086779
118.086998591
114.146034983
115.926081734
116.72020421
115.814818939
122.265426569
116.141910718
119.036082013
117.31451371
120.529686324
113.916060972
119.858677017
112.94620664
119.95989744
116.179075383
120.010912063
119.804228361
115.390422959
117.811619794
117.606230912
112.651669426
113.963741607
117.564297947
115.869075979
119.727988991
122.461722541
116.086110903
113.660641086
106.369671066
106.369686231
106.369672968
106.36968074
106.369652595
106.369683518
106.369675624
106.369684025
106.369690256
106.369696136
106.369657619
106.369681154
106.369683714
106.369670525
106.369678697
106.369676886
106.369681237
106.369682202
106.369674391
106.369683276
106.369672946
106.369664746
106.369679944
106.36967475
106.369676225
106.36967934
106.369667013
106.369681915
106.369665468
106.36967985
106.369672951
106.369680276
106.369634753
106.369676837
106.369669468
106.369666594
106.369674149
106.36966827
106.369664085
112.931286372
66.7384513578
66.3052322564
66.2198634873
106.38555564
-73.8159740054
81.2232946327
70.785701674
58.9981987904
73.2875729715
-28.0005397153
-0.258142986129
-44.6717276528
-143.338133866
-60.9922892321
-159.421828629
-45.1055604103
-259.002392488
-27.7729769252
-38.3987924649
68.2516728731
102.958428688
90.8856058262
77.2265621704
89.5881446294
117.470647091
119.932609417
101.575467753
100.821010217
99.8918675526
92.9934098634
107.870716351
89.2775782886
105.507046625
122.104211058
106.710488795
95.6244924254
69.068019652
98.4705201095
81.7363573345
82.9659497962
107.701111421
74.8929093786
102.087969706
108.882877112
110.333540456
120.147517423
117.184322079
115.801944126
112.267287023
153.627170491
128.159161458
129.368583888
103.657180142
99.083326813
113.401337456
84.7702365846
64.9650961479
124.21617467
89.7654454359
-95.52759622
87.9599452989
75.6653696868
29.6855813762
17.1703744777
69.0996230143
9.99459803261
28.1293389611
93.9950000037
8.71183861633
40.6965460825
74.8753982215
68.2400949622
56.9799478557
9.59992983891
43.3298545415
56.9131289014
92.9786401215
32.3383542348
33.8784324385
27.8891016682
82.4999825448
81.0942610681
78.4615071454
83.0368537605
83.1798859504
-125.197454916
-373.660606144
-213.388044556
50.5159924592
-61.0414383543
100.514746466
102.909304733
87.0787812006
85.4657945605
82.3808946488
82.5140351837
83.4327857342
84.5619401831
83.1987869336
83.0998729104
82.6773755575
83.2320086793
84.4207244006
82.712437586
83.7654026145
86.1929775302
83.4536911828
85.0459501477
84.5335373118
84.7222240903
83.7554195365
83.1414087194
86.2558525246
83.3112837766
83.9492584281
84.174876414
84.0987943529
84.4844991233
84.3780602877
83.9308444975
83.9071701613
85.1203515693
83.4849754657
84.7697818829
82.3042032345
81.9084385632
81.4463207424
140.755356707
189.266048244
116.157566937
119.976440018
119.72488431
119.552430401
118.909677199
117.904760545
121.913306873
109.708213917
69.122211081
103.358741473
105.859804707
85.3256394048
80.0766516793
105.745774713
101.359705234
-8.0526018574
-22.1561597001
-213.464785475
-247.18002415
-178.206641539
76.7746756292
87.5295239915
106.24274062
106.820784202
100.726030118
105.993832395
81.7642018922
79.686644661
82.8053588057
-262.728688146
74.6602619396
90.9554679479
67.6614793902
78.5799236855
28.6661841137
-221.700478041
-218.005941839
-212.068377644
73.8982804159
49.7544487322
78.7182413232
84.4682371652
79.1614132877
-105.559592104
119.398045403
83.3962661409
94.1206654544
122.596803891
110.032655158
130.130104629
134.7627741
10.5386527092
-219.939614818
-232.763242692
74.4418554159
120.150315199
128.35255126
129.140222289
119.979257447
127.967696089
124.149191068
132.821632941
128.148256167
126.609907511
126.43659753
128.302445053
125.513266534
126.359523066
126.079130715
129.315668299
129.33641473
128.670316371
125.20596151
129.004193234
129.116395762
124.679537174
126.367691477
128.933910802
122.604391022
128.869065023
117.831420747
126.148675043
129.40990252
122.423960274
128.376158509
127.975585326
123.639883157
117.793117485
129.34781322
123.823528955
126.452882089
120.993627109
128.509719059
127.720763109
126.429197777
129.214619843
125.501663844
128.169208581
124.434881326
125.991839651
127.685627823
126.86432579
128.185621633
128.497203389
126.279586439
122.850279987
123.621434565
109.891926203
126.405372369
122.132200205
126.954822206
130.040704512
127.886828717
128.341809887
127.869294459
125.47221331
128.592838141
129.310518821
126.270077607
130.225211577
126.142270014
126.46215049
127.781536985
126.272554896
123.205975363
130.162158313
128.476571375
126.707236291
127.123215062
128.15337316
126.537806507
129.692137281
125.854619635
127.910651095
126.164030446
128.212483926
128.755375514
124.083296947
126.221185902
131.036016295
123.066887963
115.910543954
36.259043112
65.8701155608
65.3529673462
48.7214030489
76.0701672838
113.324667569
178.156213843
146.168572751
123.473511637
120.883622486
127.366668281
122.117813362
122.934625338
129.519902979
119.631346987
124.071602054
128.330644657
123.05778753
126.390475697
118.983783566
127.947588921
81.8841731053
-3.86504153724
126.915592056
122.105518498
113.826010145
142.107524825
128.307143077
128.087403719
127.004396375
23.5889655306
118.282511496
106.874678127
122.145944168
34.4291959869
153.52766749
113.116633978
126.581487883
125.575538074
75.2715873232
76.272277216
108.548888936
104.616775755
150.546122956
40.0617981521
27.2045740888
116.603542145
90.6875029047
156.621798273
-72.5893720673
-10.4472304143
136.766388423
-33.8553435561
136.051493356
113.887872786
115.747311785
117.475606013
119.289360462
116.366037927
117.662683152
117.516396493
119.12480664
119.387403521
114.973250039
114.967884643
111.95788876
122.636665409
109.432004417
117.772365495
115.912999152
87.8412934068
115.192796942
117.434861978
117.689867752
117.355542743
114.335541886
117.767817544
119.606790913
104.597446549
119.530761793
115.107770215
119.615864675
119.703871168
119.374049564
119.796478868
119.205263104
117.792651554
117.777384488
119.639296725
117.695732312
117.653475663
119.672691875
119.610450583
117.490131425
119.826455468
119.674085084
119.773357586
118.96431393
113.48749028
119.82767585
119.894021231
96.3468740316
128.793924519
149.382437148
132.73889149
119.449336474
113.338522627
117.492692107
117.580373565
119.298442418
119.678934206
117.14241898
119.179539126
115.240234617
114.666066698
119.614991671
118.825602663
119.796538852
118.685658559
114.916191108
115.827144213
67.681462346
119.597178543
119.739291642
119.663540006
119.7935945
119.762937692
119.675405099
119.62835182
119.178462687
117.385274271
119.732573266
119.114643807
119.692136419
119.63511817
115.272787392
119.707648492
115.366440701
119.669744766
112.787074798
119.709372732
119.618583238
99.3072604964
119.767042359
119.702949209
119.797961767
117.643855471
119.746909438
119.768918715
115.333727449
119.724023395
119.629012023
112.143110952
113.942110774
47.9882444004
109.159441272
71.4221140626
12.9380847485
126.40165323
15.6698656139
-25.634319988
-40.6951754924
170.70137575
-39.8684725961
-37.7102675282
46.6131269998
176.231433702
-25.4995782991
39.7007977045
53.7494427027
152.787826707
-55.6175355198
-29.4229421992
-66.7118529413
-19.6106706746
100.67184464
186.263877316
26.6222239175
15.9937053739
76.9209193222
182.916685479
140.101776131
-26.1756672472
-36.3877824899
68.3561990338
20.3026673017
43.3158964056
66.3313934357
9.37003496383
-34.3319265183
42.3019875813
-39.6833919676
1.73143598592
71.8562933836
115.725800955
117.626535733
43.3835982613
111.156250473
61.1501324765
-15.0966218542
149.655131781
93.6508858987
133.055620591
-46.5391427846
21.4173280764
81.7684968995
-2.49530797036
183.467572178
-22.5249221276
99.6407458027
45.1935028081
93.4947496711
-66.8234430481
24.9432385161
-32.038544304
-13.6150010202
40.5054810884
-45.8935865376
1.27730661952
82.3125997508
71.3392459595
94.7068022888
6.341781029
-9.56532711761
59.6921439814
-65.199385825
-36.5151746419
-54.9346504095
-26.4456191387
130.814495655
16.2968247785
137.234885507
139.684544101
-2.91203036155
43.4661146883
-39.6317966607
13.7696155457
177.733628366
1.83096603656
98.0506925881
118.941704817
83.8030832645
162.145985925
-15.8689679838
190.103366326
-38.4942285709
-20.0678867913
161.616032605
-65.3684056009
-2.4952133739
19.953778697
18.0915432211
-26.2504304109
-33.8144755348
-67.5561635814
80.7446291447
69.3934528911
3.35742329806
-52.7035236198
-33.1575143735
40.6749832027
-47.8684501566
116.909038515
-54.9039114144
-21.4361858689
-19.6681249943
159.472426625
-42.8886109426
-23.7030509292
87.7022618981
-12.2572552002
-7.363876327
147.435166387
-10.7459794362
136.292718639
55.2153841488
-26.0377374145
-47.5861113768
102.559587268
7.09457575461
177.30112299
181.312764733
22.4911295603
-7.7637092015
-30.7804948201
126.652081749
28.3709913957
172.168617876
-5.20434246467
175.972186644
-41.4482869508
-1.52319527538
-37.3388635939
139.109774858
-15.5796653583
-5.24188840997
-35.9832814928
34.7126318484
93.0428712995
2.12625921709
-51.1472849671
-27.4968573167
-2.78210075543
130.03290394
-32.6050670027
81.0200548217
8.83026865598
61.8778106158
74.8146051999
133.314790204
21.7826514679
158.095076491
1.19181381424
24.5621165362
33.049090431
19.6667531256
160.71711635
57.5538262459
54.6365642256
146.163395808
-32.0611054727
-17.445404902
-10.0236729586
112.160647674
31.1394100643
30.8088762562
49.5416458736
106.60845264
85.2181190146
84.9586515944
84.0783136647
83.3273036212
85.2997317168
83.4228655412
82.4347722826
85.1967412434
-113.156333077
132.100142707
73.0511855989
79.9879516796
81.3559420451
119.742305747
162.137605704
193.676375907
110.428692225
96.3809024442
131.941325836
133.574787695
201.345812975
119.92469702
134.76566635
136.913644674
80.8720941092
72.1991680619
29.8217226923
218.716485428
-34.5420283311
131.025231899
161.371567049
94.0637950083
131.765245767
83.8294670851
130.072585076
48.5149243643
138.647104026
220.354346857
83.6715722621
84.7059357915
132.762020651
84.8635463805
70.977483557
162.830497003
136.420247433
128.805386924
91.2660598207
102.743334369
132.682061093
120.151771103
117.259138348
91.7443111661
103.711563913
133.094622476
129.308378536
142.647693987
128.604467793
147.670169862
129.530267274
154.901451084
170.828729341
128.087366872
137.78979817
82.3028863276
30.4039200945
74.2060442841
132.006091305
144.939490208
129.448842753
130.861759484
80.5906825781
6.89900749761
-204.658981748
-253.068454685
-208.582783498
93.7387297288
-255.107370627
-296.273175728
-131.294735919
-130.68846875
-312.775805331
55.3671348588
-84.3023347503
-299.676223243
-67.3395853066
15.9733775286
-48.0471441346
-97.877745494
32.82443784
-206.254914337
-17.1633819445
-53.0784339993
-57.4057790565
-172.101489677
-260.916159039
-139.721985986
106.511154973
-109.152337014
-180.588162775
-126.234810535
-142.707734248
-156.865640018
-396.664006674
91.29476755
92.6887779946
50.1574603441
72.3207491576
67.9179330711
67.8996530484
106.740890061
44.4720275161
74.2733854654
127.6854278
69.087826343
78.9397353351
94.9080899359
38.8059468191
-31.1414345529
-8.31131475564
28.5726648235
38.5819552507
45.511050521
84.2482118911
56.8516325308
107.907474616
127.394771545
119.502444297
101.01994715
76.389223457
96.3559320671
128.394200953
139.395205612
85.0583350346
95.4921962385
117.394425384
140.918137178
126.867727262
97.0977115641
144.196752114
132.516359069
92.5785338122
129.772601743
140.127599288
92.6564806609
97.5171284503
124.852843813
76.5929045241
147.910153291
126.100991147
143.255791601
131.979548267
99.2504187305
142.884325718
80.4148267708
130.946496784
77.0998659419
86.4172497426
93.2611841857
121.256865844
158.776302897
127.382261792
63.8292848291
81.1546945968
123.35002315
84.4591035234
71.0549512458
128.421560756
55.7423993474
71.6047653811
86.0572936638
40.1358050181
42.1300872165
138.953791334
92.2632811079
121.08067905
127.359999929
127.075992692
70.1526541029
98.3906600276
118.323341161
77.9214723274
77.319745419
142.326035696
105.514148288
106.810131306
99.3723530312
89.6575366988
147.81667067
100.633599467
152.273983852
140.260219919
113.250898366
107.056822207
68.5729221728
146.740552572
136.417409064
111.597313208
102.118144594
122.709210329
98.4677433683
94.4964465663
118.336258087
129.945921243
126.614312183
115.264344438
115.902267971
115.650335797
126.495234475
131.747356737
131.299449835
120.798307686
124.869617596
116.570717051
118.554017226
118.840599508
134.773864727
139.77256728
116.660011326
111.421078849
118.42074442
122.369397361
126.050523303
132.913955186
130.561224738
122.645481652
130.437258892
133.440015183
134.264273277
92.5687005389
106.681715281
124.096049207
110.690708967
101.181657743
118.193744491
124.634621204
86.8242670266
120.238859728
133.182715528
133.808088353
133.293489716
108.689655999
121.764089499
95.3242716177
100.3910881
134.527161529
90.8074787017
113.340629433
110.545540267
119.54441244
114.128363896
115.550868171
89.7479571575
105.806038517
87.9657344603
125.508711179
134.91093787
122.364583223
128.260659579
122.954878673
122.907257787
107.694669081
176.039277506
119.958264407
113.871327003
122.680561543
118.372297573
112.876565611
123.553961769
120.796982713
119.687713762
124.869972067
123.884787097
120.734828574
122.017611465
113.111236132
122.176514589
132.892815077
121.894144926
121.94353908
122.532400809
121.095954348
107.037214043
101.634008289
108.157073379
109.357274847
92.8236967359
79.5869178009
107.540488242
-6.65441810093
49.4359155456
103.036361739
126.962092156
127.240212004
109.685619633
111.551286119
116.927991138
115.213247677
34.5716386103
102.466793589
110.338142957
159.010182155
100.53727825
42.110486483
135.035584072
92.5321075046
82.602650328
132.785066895
104.663716856
136.066467981
80.4591900857
102.943830586
-1.84546695854
107.679871619
95.5961912939
86.1911557725
103.389080943
88.5223299932
-89.6418980463
57.8457315931
56.5412637387
97.4156586517
96.2528563523
99.1168493221
87.6611423251
87.629437605
88.3085165274
96.8195748789
81.7579578054
78.7056212487
50.1517578163
89.7122164691
114.3822589
99.2326203598
84.0225085805
60.4398138463
118.634539948
135.225490966
91.318797733
90.7290784476
80.3183959378
86.1698768193
84.1174607365
76.9207231009
83.0783823976
57.5864987408
99.102443966
75.2461513247
75.9117006321
70.1021174132
56.5785604568
74.7525385445
81.230175686
82.2611554771
124.031392205
84.4593834333
68.1961603756
83.7534884828
63.1442946494
114.800990588
101.113170384
112.441813558
71.3809575815
80.6989564863
134.515357571
112.45085031
126.050055305
73.9952905814
63.5543342697
69.3904559989
77.9758826389
75.5494577197
75.0109610147
100.206677443
94.9155457765
90.3002889953
63.4377776195
89.8089327485
91.7993057353
95.3230692044
100.68810035
-134.06450098
85.9308551122
152.573013837
119.061454315
94.7193728453
127.46760941
95.2318960147
65.5538134667
161.251506219
91.4279130386
103.62357872
94.4174496446
117.609562899
-154.795404009
109.258394477
58.2075550612
106.731053882
85.9490738582
104.055265322
-50.7340938099
114.849981009
